0000000000000001
1000000000000000
1100000000000000
1110000000000000
0111000000000000
1011100000000000
0101110000000000
0010111000000000
1001011100000000
1100101110000000
1110010111000000
0111001011100000
1011100101110000
1101110010111000
0110111001011100
0011011100101110
1001101110010111
1100110111001011
0110011011100101
0011001101110010
0001100110111001
0000110011011100
1000011001101110
1100001100110111
1110000110011011
0111000011001101
0011100001100110
1001110000110011
1100111000011001
1110011100001100
0111001110000110
1011100111000011
1101110011100001
0110111001110000
0011011100111000
0001101110011100
1000110111001110
1100011011100111
0110001101110011
1011000110111001
0101100011011100
1010110001101110
0101011000110111
0010101100011011
1001010110001101
0100101011000110
0010010101100011
0001001010110001
0000100101011000
1000010010101100
1100001001010110
0110000100101011
0011000010010101
1001100001001010
1100110000100101
0110011000010010
0011001100001001
0001100110000100
0000110011000010
0000011001100001
1000001100110000
0100000110011000
1010000011001100
0101000001100110
0010100000110011
1001010000011001
1100101000001100
1110010100000110
0111001010000011
0011100101000001
0001110010100000
0000111001010000
1000011100101000
1100001110010100
0110000111001010
1011000011100101
1101100001110010
0110110000111001
1011011000011100
1101101100001110
1110110110000111
1111011011000011
1111101101100001
1111110110110000
1111111011011000
1111111101101100
0111111110110110
0011111111011011
1001111111101101
0100111111110110
1010011111111011
0101001111111101
0010100111111110
0001010011111111
0000101001111111
0000010100111111
0000001010011111
0000000101001111
1000000010100111
0100000001010011
0010000000101001
0001000000010100
1000100000001010
1100010000000101
0110001000000010
1011000100000001
1101100010000000
1110110001000000
0111011000100000
1011101100010000
1101110110001000
1110111011000100
0111011101100010
1011101110110001
0101110111011000
1010111011101100
0101011101110110
1010101110111011
0101010111011101
0010101011101110
1001010101110111
1100101010111011
1110010101011101
0111001010101110
1011100101010111
0101110010101011
1010111001010101
0101011100101010
0010101110010101
1001010111001010
1100101011100101
0110010101110010
0011001010111001
1001100101011100
0100110010101110
0010011001010111
1001001100101011
0100100110010101
0010010011001010
1001001001100101
0100100100110010
1010010010011001
0101001001001100
0010100100100110
1001010010010011
1100101001001001
0110010100100100
1011001010010010
1101100101001001
0110110010100100
1011011001010010
1101101100101001
0110110110010100
0011011011001010
1001101101100101
0100110110110010
1010011011011001
0101001101101100
0010100110110110
0001010011011011
0000101001101101
1000010100110110
0100001010011011
0010000101001101
0001000010100110
0000100001010011
0000010000101001
1000001000010100
0100000100001010
0010000010000101
0001000001000010
0000100000100001
1000010000010000
0100001000001000
0010000100000100
1001000010000010
1100100001000001
0110010000100000
1011001000010000
1101100100001000
1110110010000100
0111011001000010
1011101100100001
1101110110010000
0110111011001000
1011011101100100
0101101110110010
1010110111011001
0101011011101100
0010101101110110
0001010110111011
0000101011011101
0000010101101110
0000001010110111
0000000101011011
0000000010101101
1000000001010110
0100000000101011
1010000000010101
0101000000001010
0010100000000101
0001010000000010
0000101000000001
1000010100000000
1100001010000000
1110000101000000
0111000010100000
1011100001010000
1101110000101000
1110111000010100
1111011100001010
0111101110000101
0011110111000010
1001111011100001
0100111101110000
1010011110111000
1101001111011100
0110100111101110
1011010011110111
0101101001111011
0010110100111101
1001011010011110
0100101101001111
1010010110100111
1101001011010011
1110100101101001
1111010010110100
1111101001011010
1111110100101101
1111111010010110
1111111101001011
1111111110100101
1111111111010010
1111111111101001
1111111111110100
1111111111111010
1111111111111101
0111111111111110
0011111111111111
1001111111111111
1100111111111111
1110011111111111
0111001111111111
1011100111111111
0101110011111111
0010111001111111
1001011100111111
1100101110011111
1110010111001111
1111001011100111
1111100101110011
0111110010111001
1011111001011100
1101111100101110
1110111110010111
0111011111001011
0011101111100101
0001110111110010
1000111011111001
1100011101111100
0110001110111110
0011000111011111
1001100011101111
0100110001110111
0010011000111011
1001001100011101
1100100110001110
1110010011000111
1111001001100011
1111100100110001
0111110010011000
0011111001001100
1001111100100110
1100111110010011
1110011111001001
1111001111100100
0111100111110010
0011110011111001
1001111001111100
0100111100111110
1010011110011111
0101001111001111
1010100111100111
1101010011110011
1110101001111001
0111010100111100
0011101010011110
0001110101001111
1000111010100111
0100011101010011
0010001110101001
0001000111010100
1000100011101010
1100010001110101
1110001000111010
1111000100011101
0111100010001110
1011110001000111
1101111000100011
0110111100010001
1011011110001000
0101101111000100
0010110111100010
1001011011110001
1100101101111000
0110010110111100
0011001011011110
0001100101101111
1000110010110111
1100011001011011
1110001100101101
1111000110010110
1111100011001011
1111110001100101
1111111000110010
1111111100011001
0111111110001100
1011111111000110
0101111111100011
1010111111110001
0101011111111000
1010101111111100
1101010111111110
0110101011111111
1011010101111111
0101101010111111
0010110101011111
1001011010101111
0100101101010111
0010010110101011
0001001011010101
0000100101101010
0000010010110101
0000001001011010
1000000100101101
0100000010010110
1010000001001011
1101000000100101
0110100000010010
0011010000001001
0001101000000100
0000110100000010
0000011010000001
1000001101000000
1100000110100000
1110000011010000
1111000001101000
0111100000110100
0011110000011010
0001111000001101
1000111100000110
1100011110000011
0110001111000001
0011000111100000
1001100011110000
0100110001111000
1010011000111100
1101001100011110
0110100110001111
0011010011000111
0001101001100011
1000110100110001
1100011010011000
0110001101001100
1011000110100110
0101100011010011
0010110001101001
0001011000110100
1000101100011010
0100010110001101
1010001011000110
0101000101100011
1010100010110001
0101010001011000
1010101000101100
0101010100010110
1010101010001011
1101010101000101
0110101010100010
1011010101010001
0101101010101000
0010110101010100
0001011010101010
0000101101010101
0000010110101010
0000001011010101
0000000101101010
0000000010110101
0000000001011010
1000000000101101
0100000000010110
1010000000001011
1101000000000101
0110100000000010
1011010000000001
1101101000000000
1110110100000000
0111011010000000
1011101101000000
0101110110100000
0010111011010000
0001011101101000
0000101110110100
1000010111011010
0100001011101101
1010000101110110
1101000010111011
1110100001011101
0111010000101110
1011101000010111
0101110100001011
1010111010000101
1101011101000010
1110101110100001
1111010111010000
1111101011101000
0111110101110100
0011111010111010
0001111101011101
0000111110101110
0000011111010111
0000001111101011
1000000111110101
1100000011111010
0110000001111101
1011000000111110
1101100000011111
1110110000001111
1111011000000111
1111101100000011
1111110110000001
1111111011000000
0111111101100000
1011111110110000
1101111111011000
0110111111101100
1011011111110110
1101101111111011
1110110111111101
0111011011111110
0011101101111111
1001110110111111
1100111011011111
1110011101101111
1111001110110111
0111100111011011
1011110011101101
1101111001110110
0110111100111011
1011011110011101
0101101111001110
0010110111100111
0001011011110011
0000101101111001
0000010110111100
1000001011011110
0100000101101111
1010000010110111
0101000001011011
0010100000101101
0001010000010110
1000101000001011
0100010100000101
1010001010000010
0101000101000001
1010100010100000
0101010001010000
1010101000101000
0101010100010100
1010101010001010
0101010101000101
1010101010100010
0101010101010001
0010101010101000
1001010101010100
0100101010101010
0010010101010101
1001001010101010
1100100101010101
1110010010101010
0111001001010101
1011100100101010
0101110010010101
0010111001001010
1001011100100101
0100101110010010
1010010111001001
1101001011100100
1110100101110010
1111010010111001
0111101001011100
0011110100101110
1001111010010111
1100111101001011
0110011110100101
0011001111010010
0001100111101001
1000110011110100
0100011001111010
1010001100111101
0101000110011110
1010100011001111
1101010001100111
0110101000110011
1011010100011001
0101101010001100
0010110101000110
1001011010100011
0100101101010001
0010010110101000
1001001011010100
0100100101101010
0010010010110101
1001001001011010
0100100100101101
1010010010010110
1101001001001011
0110100100100101
0011010010010010
0001101001001001
1000110100100100
1100011010010010
0110001101001001
0011000110100100
1001100011010010
0100110001101001
1010011000110100
1101001100011010
0110100110001101
0011010011000110
1001101001100011
0100110100110001
0010011010011000
0001001101001100
0000100110100110
0000010011010011
0000001001101001
1000000100110100
0100000010011010
1010000001001101
1101000000100110
1110100000010011
0111010000001001
0011101000000100
1001110100000010
1100111010000001
0110011101000000
1011001110100000
0101100111010000
1010110011101000
0101011001110100
1010101100111010
1101010110011101
1110101011001110
0111010101100111
0011101010110011
1001110101011001
1100111010101100
1110011101010110
1111001110101011
1111100111010101
0111110011101010
1011111001110101
0101111100111010
1010111110011101
0101011111001110
0010101111100111
0001010111110011
0000101011111001
0000010101111100
1000001010111110
0100000101011111
0010000010101111
0001000001010111
0000100000101011
1000010000010101
1100001000001010
1110000100000101
1111000010000010
0111100001000001
0011110000100000
1001111000010000
0100111100001000
0010011110000100
1001001111000010
1100100111100001
0110010011110000
0011001001111000
0001100100111100
1000110010011110
0100011001001111
1010001100100111
1101000110010011
1110100011001001
1111010001100100
0111101000110010
0011110100011001
1001111010001100
1100111101000110
1110011110100011
1111001111010001
0111100111101000
1011110011110100
1101111001111010
0110111100111101
1011011110011110
1101101111001111
0110110111100111
0011011011110011
1001101101111001
1100110110111100
0110011011011110
0011001101101111
0001100110110111
0000110011011011
0000011001101101
1000001100110110
0100000110011011
0010000011001101
0001000001100110
0000100000110011
0000010000011001
0000001000001100
0000000100000110
0000000010000011
1000000001000001
0100000000100000
0010000000010000
0001000000001000
0000100000000100
0000010000000010
0000001000000001
1000000100000000
1100000010000000
1110000001000000
0111000000100000
1011100000010000
1101110000001000
1110111000000100
0111011100000010
1011101110000001
1101110111000000
1110111011100000
0111011101110000
0011101110111000
0001110111011100
1000111011101110
1100011101110111
1110001110111011
0111000111011101
1011100011101110
0101110001110111
0010111000111011
1001011100011101
1100101110001110
1110010111000111
1111001011100011
1111100101110001
0111110010111000
0011111001011100
0001111100101110
0000111110010111
0000011111001011
1000001111100101
0100000111110010
1010000011111001
0101000001111100
1010100000111110
1101010000011111
1110101000001111
1111010100000111
1111101010000011
1111110101000001
1111111010100000
0111111101010000
0011111110101000
1001111111010100
0100111111101010
0010011111110101
1001001111111010
0100100111111101
0010010011111110
0001001001111111
0000100100111111
0000010010011111
0000001001001111
1000000100100111
0100000010010011
0010000001001001
0001000000100100
0000100000010010
1000010000001001
0100001000000100
0010000100000010
1001000010000001
0100100001000000
0010010000100000
1001001000010000
0100100100001000
0010010010000100
1001001001000010
1100100100100001
0110010010010000
0011001001001000
1001100100100100
1100110010010010
0110011001001001
0011001100100100
1001100110010010
0100110011001001
1010011001100100
0101001100110010
1010100110011001
0101010011001100
0010101001100110
1001010100110011
1100101010011001
1110010101001100
0111001010100110
1011100101010011
0101110010101001
1010111001010100
1101011100101010
1110101110010101
0111010111001010
1011101011100101
1101110101110010
0110111010111001
1011011101011100
1101101110101110
1110110111010111
0111011011101011
0011101101110101
1001110110111010
0100111011011101
0010011101101110
1001001110110111
1100100111011011
1110010011101101
1111001001110110
1111100100111011
0111110010011101
1011111001001110
0101111100100111
1010111110010011
0101011111001001
1010101111100100
0101010111110010
1010101011111001
0101010101111100
1010101010111110
1101010101011111
1110101010101111
1111010101010111
0111101010101011
0011110101010101
1001111010101010
1100111101010101
1110011110101010
0111001111010101
1011100111101010
0101110011110101
0010111001111010
0001011100111101
0000101110011110
1000010111001111
0100001011100111
1010000101110011
0101000010111001
0010100001011100
0001010000101110
0000101000010111
0000010100001011
1000001010000101
0100000101000010
0010000010100001
0001000001010000
1000100000101000
1100010000010100
0110001000001010
1011000100000101
1101100010000010
1110110001000001
1111011000100000
0111101100010000
0011110110001000
1001111011000100
1100111101100010
1110011110110001
0111001111011000
0011100111101100
1001110011110110
0100111001111011
0010011100111101
1001001110011110
0100100111001111
1010010011100111
1101001001110011
1110100100111001
0111010010011100
0011101001001110
1001110100100111
0100111010010011
0010011101001001
0001001110100100
0000100111010010
1000010011101001
0100001001110100
1010000100111010
1101000010011101
1110100001001110
0111010000100111
0011101000010011
1001110100001001
0100111010000100
0010011101000010
1001001110100001
0100100111010000
1010010011101000
0101001001110100
1010100100111010
1101010010011101
1110101001001110
0111010100100111
0011101010010011
1001110101001001
0100111010100100
0010011101010010
0001001110101001
1000100111010100
0100010011101010
0010001001110101
1001000100111010
0100100010011101
0010010001001110
1001001000100111
0100100100010011
0010010010001001
0001001001000100
0000100100100010
0000010010010001
0000001001001000
0000000100100100
0000000010010010
1000000001001001
0100000000100100
0010000000010010
0001000000001001
1000100000000100
1100010000000010
1110001000000001
1111000100000000
0111100010000000
1011110001000000
0101111000100000
0010111100010000
0001011110001000
0000101111000100
0000010111100010
0000001011110001
0000000101111000
1000000010111100
0100000001011110
1010000000101111
1101000000010111
1110100000001011
1111010000000101
1111101000000010
0111110100000001
0011111010000000
1001111101000000
1100111110100000
1110011111010000
1111001111101000
0111100111110100
0011110011111010
0001111001111101
0000111100111110
1000011110011111
1100001111001111
0110000111100111
0011000011110011
1001100001111001
1100110000111100
0110011000011110
0011001100001111
0001100110000111
1000110011000011
0100011001100001
1010001100110000
1101000110011000
0110100011001100
1011010001100110
0101101000110011
0010110100011001
1001011010001100
1100101101000110
1110010110100011
1111001011010001
0111100101101000
1011110010110100
1101111001011010
0110111100101101
0011011110010110
0001101111001011
1000110111100101
0100011011110010
1010001101111001
0101000110111100
1010100011011110
1101010001101111
0110101000110111
1011010100011011
0101101010001101
1010110101000110
0101011010100011
1010101101010001
0101010110101000
0010101011010100
0001010101101010
0000101010110101
0000010101011010
1000001010101101
0100000101010110
1010000010101011
1101000001010101
1110100000101010
0111010000010101
1011101000001010
0101110100000101
1010111010000010
0101011101000001
1010101110100000
0101010111010000
1010101011101000
0101010101110100
1010101010111010
1101010101011101
1110101010101110
0111010101010111
1011101010101011
1101110101010101
1110111010101010
0111011101010101
1011101110101010
0101110111010101
0010111011101010
1001011101110101
1100101110111010
0110010111011101
1011001011101110
0101100101110111
0010110010111011
1001011001011101
1100101100101110
1110010110010111
0111001011001011
0011100101100101
0001110010110010
1000111001011001
1100011100101100
1110001110010110
1111000111001011
1111100011100101
1111110001110010
1111111000111001
0111111100011100
0011111110001110
1001111111000111
0100111111100011
1010011111110001
0101001111111000
1010100111111100
1101010011111110
0110101001111111
1011010100111111
0101101010011111
0010110101001111
0001011010100111
1000101101010011
1100010110101001
0110001011010100
0011000101101010
1001100010110101
1100110001011010
0110011000101101
0011001100010110
0001100110001011
1000110011000101
0100011001100010
0010001100110001
1001000110011000
0100100011001100
0010010001100110
1001001000110011
1100100100011001
1110010010001100
0111001001000110
1011100100100011
1101110010010001
1110111001001000
