0000001
1000000
1100000
1110000
1111000
1111100
1111110
1111111
0111111
1011111
0101111
1010111
0101011
1010101
0101010
0010101
1001010
1100101
0110010
0011001
1001100
1100110
1110011
0111001
1011100
1101110
1110111
0111011
1011101
0101110
0010111
1001011
0100101
1010010
1101001
0110100
0011010
0001101
1000110
1100011
0110001
1011000
1101100
1110110
1111011
0111101
1011110
1101111
0110111
1011011
0101101
1010110
1101011
0110101
1011010
1101101
0110110
0011011
1001101
0100110
0010011
1001001
0100100
0010010
0001001
1000100
1100010
1110001
0111000
0011100
0001110
0000111
1000011
0100001
1010000
1101000
1110100
1111010
1111101
0111110
0011111
1001111
0100111
1010011
0101001
1010100
1101010
1110101
0111010
0011101
1001110
1100111
0110011
1011001
0101100
0010110
0001011
1000101
0100010
0010001
1001000
1100100
1110010
1111001
0111100
0011110
0001111
1000111
0100011
1010001
0101000
0010100
0001010
0000101
1000010
1100001
0110000
0011000
0001100
0000110
0000011
1000001
0100000
0010000
0001000
0000100
0000010
0000001
1000000
