0000000000000000001
1000000000000000000
1100000000000000000
0110000000000000000
1011000000000000000
1101100000000000000
1110110000000000000
1111011000000000000
0111101100000000000
0011110110000000000
1001111011000000000
0100111101100000000
0010011110110000000
0001001111011000000
0000100111101100000
1000010011110110000
1100001001111011000
0110000100111101100
1011000010011110110
1101100001001111011
0110110000100111101
1011011000010011110
1101101100001001111
0110110110000100111
1011011011000010011
0101101101100001001
1010110110110000100
0101011011011000010
1010101101101100001
1101010110110110000
0110101011011011000
0011010101101101100
0001101010110110110
1000110101011011011
1100011010101101101
1110001101010110110
0111000110101011011
0011100011010101101
0001110001101010110
1000111000110101011
1100011100011010101
1110001110001101010
0111000111000110101
0011100011100011010
1001110001110001101
1100111000111000110
1110011100011100011
1111001110001110001
1111100111000111000
1111110011100011100
1111111001110001110
1111111100111000111
0111111110011100011
1011111111001110001
1101111111100111000
1110111111110011100
1111011111111001110
0111101111111100111
1011110111111110011
1101111011111111001
0110111101111111100
0011011110111111110
0001101111011111111
0000110111101111111
0000011011110111111
1000001101111011111
0100000110111101111
0010000011011110111
1001000001101111011
0100100000110111101
1010010000011011110
1101001000001101111
1110100100000110111
0111010010000011011
0011101001000001101
0001110100100000110
1000111010010000011
1100011101001000001
1110001110100100000
0111000111010010000
1011100011101001000
0101110001110100100
0010111000111010010
1001011100011101001
0100101110001110100
0010010111000111010
0001001011100011101
1000100101110001110
0100010010111000111
0010001001011100011
1001000100101110001
0100100010010111000
0010010001001011100
0001001000100101110
0000100100010010111
0000010010001001011
1000001001000100101
0100000100100010010
1010000010010001001
0101000001001000100
1010100000100100010
0101010000010010001
0010101000001001000
1001010100000100100
1100101010000010010
1110010101000001001
1111001010100000100
0111100101010000010
0011110010101000001
0001111001010100000
1000111100101010000
0100011110010101000
1010001111001010100
1101000111100101010
0110100011110010101
1011010001111001010
1101101000111100101
0110110100011110010
0011011010001111001
1001101101000111100
0100110110100011110
0010011011010001111
1001001101101000111
0100100110110100011
1010010011011010001
0101001001101101000
1010100100110110100
0101010010011011010
1010101001001101101
1101010100100110110
0110101010010011011
1011010101001001101
0101101010100100110
0010110101010010011
0001011010101001001
1000101101010100100
0100010110101010010
1010001011010101001
0101000101101010100
1010100010110101010
0101010001011010101
0010101000101101010
1001010100010110101
0100101010001011010
0010010101000101101
1001001010100010110
1100100101010001011
0110010010101000101
0011001001010100010
0001100100101010001
0000110010010101000
1000011001001010100
1100001100100101010
0110000110010010101
0011000011001001010
0001100001100100101
0000110000110010010
1000011000011001001
0100001100001100100
1010000110000110010
1101000011000011001
1110100001100001100
1111010000110000110
0111101000011000011
1011110100001100001
1101111010000110000
1110111101000011000
1111011110100001100
0111101111010000110
0011110111101000011
0001111011110100001
0000111101111010000
1000011110111101000
1100001111011110100
0110000111101111010
1011000011110111101
0101100001111011110
0010110000111101111
0001011000011110111
1000101100001111011
1100010110000111101
1110001011000011110
0111000101100001111
0011100010110000111
0001110001011000011
0000111000101100001
0000011100010110000
0000001110001011000
0000000111000101100
0000000011100010110
0000000001110001011
1000000000111000101
0100000000011100010
1010000000001110001
0101000000000111000
1010100000000011100
0101010000000001110
1010101000000000111
1101010100000000011
1110101010000000001
0111010101000000000
1011101010100000000
0101110101010000000
0010111010101000000
1001011101010100000
1100101110101010000
1110010111010101000
0111001011101010100
1011100101110101010
0101110010111010101
1010111001011101010
0101011100101110101
0010101110010111010
1001010111001011101
0100101011100101110
0010010101110010111
1001001010111001011
0100100101011100101
1010010010101110010
1101001001010111001
1110100100101011100
1111010010010101110
0111101001001010111
1011110100100101011
1101111010010010101
0110111101001001010
0011011110100100101
1001101111010010010
0100110111101001001
1010011011110100100
1101001101111010010
0110100110111101001
1011010011011110100
1101101001101111010
1110110100110111101
0111011010011011110
1011101101001101111
1101110110100110111
0110111011010011011
1011011101101001101
0101101110110100110
0010110111011010011
0001011011101101001
1000101101110110100
0100010110111011010
1010001011011101101
0101000101101110110
1010100010110111011
1101010001011011101
1110101000101101110
1111010100010110111
1111101010001011011
0111110101000101101
1011111010100010110
0101111101010001011
1010111110101000101
1101011111010100010
0110101111101010001
1011010111110101000
1101101011111010100
1110110101111101010
1111011010111110101
1111101101011111010
1111110110101111101
0111111011010111110
0011111101101011111
0001111110110101111
0000111111011010111
0000011111101101011
1000001111110110101
0100000111111011010
1010000011111101101
0101000001111110110
1010100000111111011
1101010000011111101
1110101000001111110
1111010100000111111
1111101010000011111
0111110101000001111
1011111010100000111
1101111101010000011
0110111110101000001
1011011111010100000
1101101111101010000
1110110111110101000
1111011011111010100
0111101101111101010
0011110110111110101
0001111011011111010
1000111101101111101
1100011110110111110
0110001111011011111
0011000111101101111
1001100011110110111
1100110001111011011
0110011000111101101
0011001100011110110
0001100110001111011
0000110011000111101
0000011001100011110
0000001100110001111
1000000110011000111
0100000011001100011
0010000001100110001
1001000000110011000
1100100000011001100
1110010000001100110
0111001000000110011
0011100100000011001
0001110010000001100
1000111001000000110
0100011100100000011
0010001110010000001
1001000111001000000
1100100011100100000
1110010001110010000
0111001000111001000
1011100100011100100
0101110010001110010
0010111001000111001
0001011100100011100
0000101110010001110
1000010111001000111
0100001011100100011
0010000101110010001
1001000010111001000
1100100001011100100
1110010000101110010
0111001000010111001
0011100100001011100
1001110010000101110
0100111001000010111
1010011100100001011
0101001110010000101
0010100111001000010
1001010011100100001
0100101001110010000
0010010100111001000
0001001010011100100
0000100101001110010
1000010010100111001
0100001001010011100
1010000100101001110
1101000010010100111
1110100001001010011
0111010000100101001
0011101000010010100
1001110100001001010
0100111010000100101
1010011101000010010
1101001110100001001
1110100111010000100
1111010011101000010
0111101001110100001
1011110100111010000
0101111010011101000
0010111101001110100
1001011110100111010
1100101111010011101
0110010111101001110
1011001011110100111
0101100101111010011
1010110010111101001
1101011001011110100
0110101100101111010
0011010110010111101
1001101011001011110
0100110101100101111
1010011010110010111
0101001101011001011
0010100110101100101
0001010011010110010
0000101001101011001
0000010100110101100
0000001010011010110
0000000101001101011
1000000010100110101
0100000001010011010
1010000000101001101
0101000000010100110
1010100000001010011
1101010000000101001
1110101000000010100
1111010100000001010
0111101010000000101
1011110101000000010
0101111010100000001
1010111101010000000
0101011110101000000
1010101111010100000
0101010111101010000
1010101011110101000
0101010101111010100
1010101010111101010
0101010101011110101
0010101010101111010
1001010101010111101
0100101010101011110
0010010101010101111
1001001010101010111
0100100101010101011
1010010010101010101
0101001001010101010
1010100100101010101
1101010010010101010
0110101001001010101
1011010100100101010
1101101010010010101
0110110101001001010
0011011010100100101
1001101101010010010
0100110110101001001
1010011011010100100
1101001101101010010
0110100110110101001
1011010011011010100
1101101001101101010
1110110100110110101
0111011010011011010
1011101101001101101
1101110110100110110
1110111011010011011
0111011101101001101
0011101110110100110
1001110111011010011
1100111011101101001
0110011101110110100
1011001110111011010
1101100111011101101
0110110011101110110
0011011001110111011
1001101100111011101
1100110110011101110
1110011011001110111
1111001101100111011
1111100110110011101
0111110011011001110
0011111001101100111
0001111100110110011
0000111110011011001
0000011111001101100
0000001111100110110
0000000111110011011
1000000011111001101
0100000001111100110
1010000000111110011
0101000000011111001
0010100000001111100
1001010000000111110
1100101000000011111
0110010100000001111
0011001010000000111
1001100101000000011
1100110010100000001
0110011001010000000
1011001100101000000
1101100110010100000
1110110011001010000
1111011001100101000
0111101100110010100
0011110110011001010
1001111011001100101
1100111101100110010
1110011110110011001
1111001111011001100
0111100111101100110
0011110011110110011
0001111001111011001
0000111100111101100
1000011110011110110
1100001111001111011
1110000111100111101
1111000011110011110
0111100001111001111
1011110000111100111
1101111000011110011
0110111100001111001
1011011110000111100
1101101111000011110
1110110111100001111
0111011011110000111
0011101101111000011
0001110110111100001
0000111011011110000
1000011101101111000
1100001110110111100
0110000111011011110
1011000011101101111
0101100001110110111
1010110000111011011
1101011000011101101
1110101100001110110
1111010110000111011
1111101011000011101
0111110101100001110
0011111010110000111
0001111101011000011
0000111110101100001
0000011111010110000
0000001111101011000
0000000111110101100
0000000011111010110
0000000001111101011
1000000000111110101
0100000000011111010
1010000000001111101
0101000000000111110
1010100000000011111
1101010000000001111
1110101000000000111
0111010100000000011
0011101010000000001
0001110101000000000
1000111010100000000
0100011101010000000
1010001110101000000
1101000111010100000
0110100011101010000
0011010001110101000
0001101000111010100
1000110100011101010
0100011010001110101
0010001101000111010
0001000110100011101
1000100011010001110
0100010001101000111
0010001000110100011
1001000100011010001
0100100010001101000
0010010001000110100
0001001000100011010
0000100100010001101
0000010010001000110
0000001001000100011
1000000100100010001
0100000010010001000
1010000001001000100
1101000000100100010
0110100000010010001
1011010000001001000
1101101000000100100
1110110100000010010
1111011010000001001
1111101101000000100
1111110110100000010
1111111011010000001
0111111101101000000
0011111110110100000
1001111111011010000
0100111111101101000
0010011111110110100
0001001111111011010
0000100111111101101
0000010011111110110
0000001001111111011
1000000100111111101
0100000010011111110
1010000001001111111
0101000000100111111
0010100000010011111
0001010000001001111
1000101000000100111
1100010100000010011
1110001010000001001
1111000101000000100
0111100010100000010
0011110001010000001
0001111000101000000
1000111100010100000
0100011110001010000
1010001111000101000
1101000111100010100
0110100011110001010
0011010001111000101
1001101000111100010
0100110100011110001
1010011010001111000
1101001101000111100
0110100110100011110
0011010011010001111
1001101001101000111
1100110100110100011
0110011010011010001
0011001101001101000
0001100110100110100
1000110011010011010
0100011001101001101
0010001100110100110
0001000110011010011
1000100011001101001
1100010001100110100
0110001000110011010
1011000100011001101
0101100010001100110
0010110001000110011
0001011000100011001
1000101100010001100
0100010110001000110
1010001011000100011
0101000101100010001
0010100010110001000
1001010001011000100
1100101000101100010
1110010100010110001
1111001010001011000
0111100101000101100
0011110010100010110
1001111001010001011
1100111100101000101
0110011110010100010
1011001111001010001
0101100111100101000
0010110011110010100
1001011001111001010
1100101100111100101
0110010110011110010
1011001011001111001
0101100101100111100
0010110010110011110
1001011001011001111
0100101100101100111
1010010110010110011
0101001011001011001
0010100101100101100
1001010010110010110
1100101001011001011
0110010100101100101
0011001010010110010
0001100101001011001
0000110010100101100
1000011001010010110
1100001100101001011
1110000110010100101
1111000011001010010
0111100001100101001
1011110000110010100
0101111000011001010
0010111100001100101
0001011110000110010
0000101111000011001
0000010111100001100
0000001011110000110
0000000101111000011
1000000010111100001
0100000001011110000
1010000000101111000
1101000000010111100
0110100000001011110
0011010000000101111
1001101000000010111
1100110100000001011
0110011010000000101
0011001101000000010
0001100110100000001
0000110011010000000
1000011001101000000
1100001100110100000
0110000110011010000
1011000011001101000
1101100001100110100
1110110000110011010
1111011000011001101
1111101100001100110
1111110110000110011
0111111011000011001
1011111101100001100
0101111110110000110
0010111111011000011
0001011111101100001
1000101111110110000
0100010111111011000
1010001011111101100
1101000101111110110
0110100010111111011
1011010001011111101
0101101000101111110
0010110100010111111
0001011010001011111
1000101101000101111
1100010110100010111
1110001011010001011
1111000101101000101
1111100010110100010
1111110001011010001
0111111000101101000
0011111100010110100
1001111110001011010
0100111111000101101
1010011111100010110
1101001111110001011
1110100111111000101
0111010011111100010
1011101001111110001
1101110100111111000
1110111010011111100
1111011101001111110
0111101110100111111
1011110111010011111
1101111011101001111
0110111101110100111
1011011110111010011
0101101111011101001
1010110111101110100
0101011011110111010
1010101101111011101
1101010110111101110
0110101011011110111
1011010101101111011
0101101010110111101
1010110101011011110
0101011010101101111
0010101101010110111
0001010110101011011
1000101011010101101
1100010101101010110
0110001010110101011
0011000101011010101
1001100010101101010
0100110001010110101
1010011000101011010
1101001100010101101
1110100110001010110
1111010011000101011
1111101001100010101
0111110100110001010
0011111010011000101
0001111101001100010
1000111110100110001
1100011111010011000
0110001111101001100
1011000111110100110
1101100011111010011
0110110001111101001
1011011000111110100
1101101100011111010
1110110110001111101
0111011011000111110
1011101101100011111
1101110110110001111
0110111011011000111
1011011101101100011
0101101110110110001
1010110111011011000
0101011011101101100
1010101101110110110
0101010110111011011
0010101011011101101
0001010101101110110
0000101010110111011
0000010101011011101
1000001010101101110
1100000101010110111
1110000010101011011
1111000001010101101
1111100000101010110
1111110000010101011
0111111000001010101
1011111100000101010
0101111110000010101
1010111111000001010
0101011111100000101
0010101111110000010
1001010111111000001
0100101011111100000
0010010101111110000
0001001010111111000
0000100101011111100
1000010010101111110
1100001001010111111
1110000100101011111
1111000010010101111
1111100001001010111
0111110000100101011
1011111000010010101
1101111100001001010
1110111110000100101
0111011111000010010
1011101111100001001
1101110111110000100
1110111011111000010
1111011101111100001
1111101110111110000
1111110111011111000
1111111011101111100
1111111101110111110
1111111110111011111
0111111111011101111
1011111111101110111
1101111111110111011
0110111111111011101
1011011111111101110
1101101111111110111
0110110111111111011
1011011011111111101
0101101101111111110
0010110110111111111
0001011011011111111
1000101101101111111
1100010110110111111
1110001011011011111
1111000101101101111
1111100010110110111
0111110001011011011
1011111000101101101
1101111100010110110
1110111110001011011
0111011111000101101
0011101111100010110
1001110111110001011
1100111011111000101
0110011101111100010
1011001110111110001
0101100111011111000
0010110011101111100
1001011001110111110
1100101100111011111
0110010110011101111
0011001011001110111
1001100101100111011
1100110010110011101
0110011001011001110
1011001100101100111
0101100110010110011
1010110011001011001
1101011001100101100
0110101100110010110
0011010110011001011
1001101011001100101
1100110101100110010
1110011010110011001
1111001101011001100
0111100110101100110
0011110011010110011
0001111001101011001
0000111100110101100
1000011110011010110
1100001111001101011
1110000111100110101
1111000011110011010
0111100001111001101
1011110000111100110
0101111000011110011
1010111100001111001
1101011110000111100
0110101111000011110
0011010111100001111
1001101011110000111
1100110101111000011
0110011010111100001
0011001101011110000
0001100110101111000
1000110011010111100
0100011001101011110
1010001100110101111
0101000110011010111
0010100011001101011
0001010001100110101
1000101000110011010
0100010100011001101
0010001010001100110
0001000101000110011
1000100010100011001
1100010001010001100
0110001000101000110
1011000100010100011
0101100010001010001
1010110001000101000
0101011000100010100
1010101100010001010
0101010110001000101
0010101011000100010
1001010101100010001
0100101010110001000
0010010101011000100
0001001010101100010
0000100101010110001
0000010010101011000
0000001001010101100
0000000100101010110
0000000010010101011
1000000001001010101
0100000000100101010
1010000000010010101
0101000000001001010
1010100000000100101
1101010000000010010
0110101000000001001
1011010100000000100
1101101010000000010
1110110101000000001
0111011010100000000
1011101101010000000
0101110110101000000
0010111011010100000
1001011101101010000
1100101110110101000
1110010111011010100
0111001011101101010
1011100101110110101
1101110010111011010
1110111001011101101
0111011100101110110
1011101110010111011
1101110111001011101
0110111011100101110
0011011101110010111
1001101110111001011
1100110111011100101
0110011011101110010
1011001101110111001
0101100110111011100
0010110011011101110
1001011001101110111
0100101100110111011
1010010110011011101
0101001011001101110
1010100101100110111
1101010010110011011
1110101001011001101
0111010100101100110
1011101010010110011
1101110101001011001
0110111010100101100
0011011101010010110
0001101110101001011
0000110111010100101
0000011011101010010
0000001101110101001
1000000110111010100
1100000011011101010
0110000001101110101
0011000000110111010
0001100000011011101
0000110000001101110
1000011000000110111
0100001100000011011
0010000110000001101
1001000011000000110
1100100001100000011
0110010000110000001
0011001000011000000
0001100100001100000
1000110010000110000
0100011001000011000
1010001100100001100
1101000110010000110
0110100011001000011
1011010001100100001
0101101000110010000
0010110100011001000
1001011010001100100
1100101101000110010
1110010110100011001
1111001011010001100
0111100101101000110
0011110010110100011
0001111001011010001
0000111100101101000
1000011110010110100
1100001111001011010
0110000111100101101
0011000011110010110
0001100001111001011
0000110000111100101
0000011000011110010
0000001100001111001
1000000110000111100
1100000011000011110
0110000001100001111
0011000000110000111
1001100000011000011
1100110000001100001
0110011000000110000
1011001100000011000
1101100110000001100
1110110011000000110
1111011001100000011
1111101100110000001
0111110110011000000
0011111011001100000
1001111101100110000
0100111110110011000
0010011111011001100
0001001111101100110
0000100111110110011
0000010011111011001
1000001001111101100
1100000100111110110
0110000010011111011
0011000001001111101
1001100000100111110
0100110000010011111
1010011000001001111
0101001100000100111
0010100110000010011
0001010011000001001
1000101001100000100
0100010100110000010
1010001010011000001
0101000101001100000
1010100010100110000
